 $DATA  
ammonia...DRC starting from the planar transition state                         
C1       0
NITROGEN    7.0      0.0000000000      0.0000000000      0.0000000000
   N31     6
   L       1
     1              0.0639000000  1.00000000  1.00000000
   D       1
     1              0.8000000000  1.00000000
        
HYDROGEN    1.0     -0.4882960784      0.8457536168      0.0000000000
   N31     6
   S       1
     1              0.0360000000  1.00000000
   P       1
     1              1.1000000000  1.00000000
        
HYDROGEN    1.0     -0.4882960784     -0.8457536168      0.0000000000
   N31     6
   S       1
     1              0.0360000000  1.00000000
   P       1
     1              1.1000000000  1.00000000
        
HYDROGEN    1.0      0.9765921567      0.0000000000      0.0000000000
   N31     6
   S       1
     1              0.0360000000  1.00000000
   P       1
     1              1.1000000000  1.00000000
        
 $END      

------ DATA FOR DRC POINT AT T=      0.00 ------
--- CLOSED SHELL ORBITALS --- GENERATED AT Tue Mar 24 10:05:28 2015
ammonia...DRC starting from the planar transition state                         
E(R-B3LYP)=      -56.5224662408, E(NUC)=   12.3176128678,   16 ITERS
 $VEC   
 1  1 9.92584687E-01 3.48396718E-02-2.81198481E-09-2.33586045E-10 0.00000000E+00
 1  2 4.84590684E-03 1.57057740E-08 1.38331443E-11 0.00000000E+00-8.28073457E-04
 1  3 2.33830118E-08 4.44685304E-11 0.00000000E+00-8.35653041E-03-8.35650259E-03
 1  4-8.50857485E-03 8.23550560E-11 0.00000000E+00 0.00000000E+00 2.37365352E-04
 1  5-4.52983729E-04 1.57994858E-04-2.91553416E-05 5.04587406E-05 0.00000000E+00
 1  6 2.37365162E-04-4.52983699E-04 1.57994957E-04-2.91554063E-05-5.04587717E-05
 1  7 0.00000000E+00 2.37373581E-04-4.53020143E-04 1.57957671E-04 5.82641519E-05
 1  8-2.38430037E-11 0.00000000E+00
 2  1-2.08039259E-01 4.25888876E-01 8.02312477E-07 5.01381320E-08 0.00000000E+00
 2  2 4.25544165E-01 2.41953744E-06 1.01364205E-06 0.00000000E+00-1.05441872E-02
 2  3-2.64988241E-06 3.27461390E-06 0.00000000E+00-5.17041860E-03-5.17218462E-03
 2  4-1.90312852E-02-2.92183707E-07 0.00000000E+00 0.00000000E+00 1.49947564E-01
 2  5 1.43266653E-02 6.20994031E-03 9.47024903E-03-1.64031252E-02 0.00000000E+00
 2  6 1.49948125E-01 1.43311870E-02 6.21795388E-03 9.47046188E-03 1.64034613E-02
 2  7 0.00000000E+00 1.49948449E-01 1.43289744E-02 6.22061436E-03-1.89406254E-02
 2  8-2.96738946E-08 0.00000000E+00
 3  1 2.72880599E-07-2.05068166E-06 4.86038378E-01 1.27333063E-02 0.00000000E+00
 3  2 7.35670291E-06 2.27896291E-01 5.96905994E-03 0.00000000E+00 1.56224781E-05
 3  3 2.64927756E-02 6.89536471E-04 0.00000000E+00 1.40187306E-02-1.40179608E-02
 3  4-5.69790540E-07-4.23829937E-04 0.00000000E+00 0.00000000E+00-1.39208830E-01
 3  5-6.74924603E-02-1.39357783E-03 6.70934063E-03 9.86832672E-03 0.00000000E+00
 3  6-1.52443492E-01-7.39147327E-02-1.53778492E-03 6.18512172E-03-1.01358729E-02
 3  7 0.00000000E+00 2.91647941E-01 1.41388995E-01 2.92240246E-03-1.08750015E-02
 3  8 3.20241002E-04 0.00000000E+00
 4  1 2.34538426E-08 4.77572571E-07-1.27333625E-02 4.86038570E-01 0.00000000E+00
 4  2-4.31242418E-06-5.96929328E-03 2.27895861E-01 0.00000000E+00-1.46979198E-05
 4  3-6.89945698E-04 2.64949420E-02 0.00000000E+00-3.67298267E-04 3.66729107E-04
 4  4 3.31392773E-07-1.61880653E-02 0.00000000E+00 0.00000000E+00 2.56395900E-01
 4  5 1.24310210E-01 2.57770254E-03 9.83253620E-03-5.36299037E-03 0.00000000E+00
 4  6-2.48754537E-01-1.20592371E-01-2.49000705E-03-1.01700376E-02-4.83828809E-03
 4  7 0.00000000E+00-7.64079753E-03-3.70227954E-03-8.01164656E-05 2.84834758E-04
 4  8 1.22225929E-02 0.00000000E+00
 5  1 0.00000000E+00 0.00000000E+00 0.00000000E+00 0.00000000E+00 5.95394938E-01
 5  2 0.00000000E+00 0.00000000E+00 0.00000000E+00 4.38147103E-01 0.00000000E+00
 5  3 0.00000000E+00 0.00000000E+00 1.62020567E-01 0.00000000E+00 0.00000000E+00
 5  4 0.00000000E+00 0.00000000E+00 1.02845738E-06-1.19756190E-08 0.00000000E+00
 5  5 0.00000000E+00 0.00000000E+00 0.00000000E+00 0.00000000E+00 2.13208351E-02
 5  6 0.00000000E+00 0.00000000E+00 0.00000000E+00 0.00000000E+00 0.00000000E+00
 5  7 2.13208869E-02 0.00000000E+00 0.00000000E+00 0.00000000E+00 0.00000000E+00
 5  8 0.00000000E+00 2.13208494E-02
 6  1-6.39589554E-02 1.54686835E-01-4.72876497E-06 2.01018471E-06 0.00000000E+00
 6  2 4.93816529E-01 3.72599545E-07 2.37465154E-06 0.00000000E+00 1.11804897E+00
 6  3 3.74678268E-06 1.69106181E-05 0.00000000E+00-4.13283024E-03-4.13259985E-03
 6  4-5.71304166E-03-3.53926039E-08 0.00000000E+00 0.00000000E+00-1.65139440E-02
 6  5-2.50350955E-01-6.14648684E-01 4.69730619E-03-8.13603205E-03 0.00000000E+00
 6  6-1.65140045E-02-2.50337339E-01-6.14584389E-01 4.69738191E-03 8.13665833E-03
 6  7 0.00000000E+00-1.65161879E-02-2.50354823E-01-6.14554756E-01-9.39502479E-03
 6  8 8.56243424E-08 0.00000000E+00
 7  1 1.59424544E-06-2.64414785E-06-1.38144442E-01-7.61303893E-02 0.00000000E+00
 7  2-2.28347547E-05-1.14523734E-01-6.31149510E-02 0.00000000E+00-5.22806545E-05
 7  3-4.80762163E-01-2.64946985E-01 0.00000000E+00 1.87049558E-03-1.86876237E-03
 7  4 4.89449953E-07-1.18959188E-03 0.00000000E+00 0.00000000E+00 5.04300400E-04
 7  5-3.50552467E-03-5.51281557E-02-1.89397218E-03-1.34722089E-03 0.00000000E+00
 7  6 2.16405586E-02-1.51679450E-01-2.36955305E+00 3.68099219E-03 8.76922287E-03
 7  7 0.00000000E+00-2.21436488E-02 1.55245175E-01 2.42471888E+00 9.65375080E-03
 7  8-1.11721867E-03 0.00000000E+00
 8  1-1.74646216E-06 5.16121509E-06 7.61298344E-02-1.38147197E-01 0.00000000E+00
 8  2 1.09311273E-05 6.31143574E-02-1.14522690E-01 0.00000000E+00-6.78718825E-06
 8  3 2.64923071E-01-4.80737146E-01 0.00000000E+00-1.03066622E-03 1.02908634E-03
 8  4 2.06624418E-07-2.15962875E-03 0.00000000E+00 0.00000000E+00-2.52797290E-02
 8  5 1.77188680E-01 2.76792838E+00-5.55059241E-03 9.52188029E-03 0.00000000E+00
 8  6 1.30772340E-02-9.16540135E-02-1.43173124E+00 4.56593040E-03 3.94666811E-03
 8  7 0.00000000E+00 1.22022624E-02-8.55365505E-02-1.33621292E+00-5.32049241E-03
 8  8-2.02725171E-03 0.00000000E+00
 9  1 0.00000000E+00 0.00000000E+00 0.00000000E+00 0.00000000E+00-2.78247351E-01
 9  2 0.00000000E+00 0.00000000E+00 0.00000000E+00-4.86188466E-01 0.00000000E+00
 9  3 0.00000000E+00 0.00000000E+00 1.18894825E+00 0.00000000E+00 0.00000000E+00
 9  4 0.00000000E+00 0.00000000E+00-3.14222977E-07 2.75165882E-09 0.00000000E+00
 9  5 0.00000000E+00 0.00000000E+00 0.00000000E+00 0.00000000E+00 1.12145583E-03
 9  6 0.00000000E+00 0.00000000E+00 0.00000000E+00 0.00000000E+00 0.00000000E+00
 9  7 1.12145361E-03 0.00000000E+00 0.00000000E+00 0.00000000E+00 0.00000000E+00
 9  8 0.00000000E+00 1.12146390E-03
10  1 1.18950141E-01-1.62781884E-01 3.35743012E-05-1.64941456E-05 0.00000000E+00
10  2-1.55639748E+00-3.76723325E-05 3.29030914E-05 0.00000000E+00 3.89439845E+00
10  3-8.28737342E-04 4.92049408E-04 0.00000000E+00 4.71313899E-02 4.71221260E-02
10  4 4.04556236E-02 3.41402037E-06 0.00000000E+00 0.00000000E+00 6.88959025E-02
10  5 9.23523345E-02-9.95688778E-01-9.76551233E-03 1.69100606E-02 0.00000000E+00
10  6 6.89197015E-02 9.27455100E-02-9.94715266E-01-9.76502301E-03-1.69040643E-02
10  7 0.00000000E+00 6.89402706E-02 9.30728768E-02-9.93738441E-01 1.95170711E-02
10  8 2.44065211E-06 0.00000000E+00
11  1-7.18486144E-06 3.75631686E-06-4.15347088E-02-9.69283880E-02 0.00000000E+00
11  2 1.26956227E-04 6.41194062E-02 1.49654785E-01 0.00000000E+00-4.61044721E-05
11  3 1.12581181E+00 2.62720976E+00 0.00000000E+00-6.93925964E-03 6.93084034E-03
11  4-3.52911031E-06 1.86886031E-02 0.00000000E+00 0.00000000E+00-4.61957551E-02
11  5-7.57295728E-01-2.00380124E+00 4.91761235E-03 1.39313663E-02 0.00000000E+00
11  6 7.65474178E-02 1.25502516E+00 3.32132667E+00 6.52379061E-03 1.46211515E-02
11  7 0.00000000E+00-3.03692453E-02-4.97914764E-01-1.31742736E+00 6.31643978E-03
11  8 1.28869137E-02 0.00000000E+00
12  1-3.87827130E-05 5.67072128E-05 9.69254828E-02-4.15337036E-02 0.00000000E+00
12  2 5.00863208E-04-1.49648941E-01 6.41282897E-02 0.00000000E+00-1.30723307E-03
12  3-2.62721898E+00 1.12581120E+00 0.00000000E+00 1.61701376E-02-1.61953086E-02
12  4-1.22000409E-05 8.00932376E-03 0.00000000E+00 0.00000000E+00-6.17517045E-02
12  5-1.01209021E+00-2.67787874E+00-1.36900670E-02 6.91370226E-03 0.00000000E+00
12  6-9.15528594E-03-1.49777762E-01-3.95931384E-01-1.30020973E-02 5.32166634E-03
12  7 0.00000000E+00 7.08392902E-02 1.16179572E+00 3.07480397E+00-1.47479600E-02
12  8 5.52242205E-03 0.00000000E+00
13  1-3.67052095E-06 1.95130123E-06 4.04201639E-02 3.61035419E-01 0.00000000E+00
13  2 7.95856127E-05 1.38392717E-01 1.23615509E+00 0.00000000E+00 1.74308572E-04
13  3-1.16364098E-02-1.03923276E-01 0.00000000E+00-1.86899285E-03 1.86399535E-03
13  4-3.51605076E-07 1.92553231E-02 0.00000000E+00 0.00000000E+00-1.22917995E-01
13  5-1.63403947E+00 1.12231698E+00 9.70457589E-03 2.66574345E-03 0.00000000E+00
13  6 1.39895568E-01 1.85969980E+00-1.27746845E+00-7.14081256E-03 7.80998182E-04
13  7 0.00000000E+00-1.69925317E-02-2.25904488E-01 1.55099586E-01-3.51432562E-04
13  8 1.63140526E-02 0.00000000E+00
14  1 1.89612451E-05-1.04165016E-05-3.61036955E-01 4.04203311E-02 0.00000000E+00
14  2-4.16999274E-04-1.23615199E+00 1.38391794E-01 0.00000000E+00-1.05000545E-03
14  3 1.03913239E-01-1.16459324E-02 0.00000000E+00 1.66848023E-02-1.66617214E-02
14  4 1.02223889E-06 2.15542135E-03 0.00000000E+00 0.00000000E+00-9.05459156E-02
14  5-1.20367420E+00 8.27214885E-01-1.05062027E-02-8.23066786E-03 0.00000000E+00
14  6-6.11224324E-02-8.12545868E-01 5.58524373E-01-1.23921497E-02 8.61723700E-03
14  7 0.00000000E+00 1.51765534E-01 2.01756656E+00-1.38538433E+00 3.13838668E-03
14  8 1.82642689E-03 0.00000000E+00
15  1-7.42817556E-02 5.11631587E-02-9.43309132E-05-8.01408773E-07 0.00000000E+00
15  2 1.65195075E+00-2.92318975E-04-2.47209360E-05 0.00000000E+00 4.60451658E+00
15  3-1.78961469E-05-7.34741857E-05 0.00000000E+00-3.98271547E-02-3.98343107E-02
15  4 5.23574233E-03-1.53216895E-06 0.00000000E+00 0.00000000E+00-1.34772949E-01
15  5-1.88708355E+00-5.43075503E-01 2.60837855E-05-5.47998596E-05 0.00000000E+00
15  6-1.34779639E-01-1.88719656E+00-5.43210308E-01 2.68225475E-05 5.67554670E-05
15  7 0.00000000E+00-1.34713437E-01-1.88640177E+00-5.43544117E-01-6.23657253E-05
15  8-5.69235069E-07 0.00000000E+00
16  1 0.00000000E+00 0.00000000E+00 0.00000000E+00 0.00000000E+00-1.01674704E+00
16  2 0.00000000E+00 0.00000000E+00 0.00000000E+00 1.44185255E+00 0.00000000E+00
16  3 0.00000000E+00 0.00000000E+00-6.65325669E-01 0.00000000E+00 0.00000000E+00
16  4 0.00000000E+00 0.00000000E+00 2.77125349E-06-2.85950697E-08 0.00000000E+00
16  5 0.00000000E+00 0.00000000E+00 0.00000000E+00 0.00000000E+00-1.04467788E-02
16  6 0.00000000E+00 0.00000000E+00 0.00000000E+00 0.00000000E+00 0.00000000E+00
16  7-1.04466843E-02 0.00000000E+00 0.00000000E+00 0.00000000E+00 0.00000000E+00
16  8 0.00000000E+00-1.04461646E-02
17  1 2.65347333E-08 8.64185931E-08-9.03258627E-03-9.09577028E-01 0.00000000E+00
17  2 2.47435849E-07 2.13654161E-02 2.15128285E+00 0.00000000E+00 7.09222932E-06
17  3-1.27449004E-02-1.28309424E+00 0.00000000E+00 2.13924946E-04-2.14765072E-04
17  4 7.43609911E-08-2.49195976E-02 0.00000000E+00 0.00000000E+00-1.55061503E-01
17  5-6.54424687E-01 1.32784896E+00-4.30329058E-02 1.12847263E-01 0.00000000E+00
17  6 1.56853900E-01 6.61965238E-01-1.34316822E+00 4.42817467E-02 1.13715357E-01
17  7 0.00000000E+00-1.78876230E-03-7.54836836E-03 1.53162602E-02 1.37520859E-03
17  8 3.76686470E-02 0.00000000E+00
18  1-1.32853630E-06-3.73935627E-05-9.09588947E-01 9.03254789E-03 0.00000000E+00
18  2 9.14938960E-05 2.15129396E+00-2.13648840E-02 0.00000000E+00-6.77320312E-05
18  3-1.28303533E+00 1.27469162E-02 0.00000000E+00 2.15855156E-02-2.15988172E-02
18  4-5.42624811E-06 2.47880876E-04 0.00000000E+00 0.00000000E+00 9.15692372E-02
18  5 3.86585910E-01-7.84296317E-01 6.33036569E-02-4.47830567E-02 0.00000000E+00
18  6 8.84697603E-02 3.73516898E-01-7.57759827E-01 6.24366799E-02 4.25321391E-02
18  7 0.00000000E+00-1.80051189E-01-7.60110981E-01 1.54209215E+00 1.38492786E-01
18  8-3.74102168E-04 0.00000000E+00
19  1-1.48801689E-06 4.35295812E-05 2.58833129E-01 1.05031740E-01 0.00000000E+00
19  2-1.16375920E-04-2.34325779E-01-9.51100592E-02 0.00000000E+00-4.49061695E-05
19  3-1.07311800E+00-4.35377927E-01 0.00000000E+00-2.91207583E-01 2.91202402E-01
19  4 1.59413555E-05 1.36427902E-01 0.00000000E+00 0.00000000E+00 1.21794044E-01
19  5-2.73231258E-01-8.07339102E-02 7.57375006E-02 6.35627913E-02 0.00000000E+00
19  6 6.97751768E-01-1.56552613E+00-4.62315882E-01 3.10025824E-03-1.15456163E-01
19  7 0.00000000E+00-8.19613842E-01 1.83894889E+00 5.43046201E-01-1.15634291E-01
19  8 3.69604272E-02 0.00000000E+00
20  1 5.78317432E-07-1.78816800E-05-1.05017157E-01 2.58867640E-01 0.00000000E+00
20  2 4.83057924E-05 9.50747664E-02-2.34409005E-01 0.00000000E+00 1.61897627E-05
20  3 4.35396572E-01-1.07308546E+00 0.00000000E+00 1.18151479E-01-1.18149272E-01
20  4-6.48440162E-06 3.36253290E-01 0.00000000E+00 0.00000000E+00-8.76038862E-01
20  5 1.96557735E+00 5.80422054E-01 7.35210309E-02-1.00266392E-01 0.00000000E+00
20  6 5.43525106E-01-1.21953678E+00-3.60088622E-01-1.05508122E-01-2.76346357E-02
20  7 0.00000000E+00 3.32540821E-01-7.46116728E-01-2.20331375E-01 4.69163206E-02
20  8 9.10964550E-02 0.00000000E+00
21  1 5.59696819E-02-5.79032140E-01 1.27918122E-05 2.07310424E-06 0.00000000E+00
21  2 1.69005709E+00-2.22019785E-05-2.52772224E-06 0.00000000E+00 2.46494060E+00
21  3-4.83118253E-05-5.35784002E-06 0.00000000E+00 1.30667689E-01 1.30700215E-01
21  4-2.87120367E-01-1.19839955E-06 0.00000000E+00 0.00000000E+00 6.76407629E-01
21  5-1.70961238E+00-1.90642598E-01-5.56154199E-02 9.63364329E-02 0.00000000E+00
21  6 6.76408593E-01-1.70962089E+00-1.90654678E-01-5.56146021E-02-9.63344852E-02
21  7 0.00000000E+00 6.76356334E-01-1.70947762E+00-1.90613827E-01 1.11225171E-01
21  8-3.09532294E-07 0.00000000E+00
22  1-7.10629185E-02-1.64559641E+00 2.13952720E-05-2.56271293E-07 0.00000000E+00
22  2 4.05140205E+00-4.86525467E-05 1.65741366E-06 0.00000000E+00-2.61473492E+00
22  3 7.81179391E-08-1.50090782E-06 0.00000000E+00-3.41637019E-01-3.41630029E-01
22  4-9.39552859E-02-4.80336024E-07 0.00000000E+00 0.00000000E+00-2.45282116E-01
22  5-1.93801190E-01 4.75120039E-01-1.13664773E-02 1.96829208E-02 0.00000000E+00
22  6-2.45282326E-01-1.93798797E-01 4.75114911E-01-1.13665110E-02-1.96817285E-02
22  7 0.00000000E+00-2.45298545E-01-1.93719867E-01 4.75094303E-01 2.27184181E-02
22  8-2.56799658E-09 0.00000000E+00
23  1 0.00000000E+00 0.00000000E+00 0.00000000E+00 0.00000000E+00 2.41839207E-06
23  2 0.00000000E+00 0.00000000E+00 0.00000000E+00-3.92057448E-06 0.00000000E+00
23  3 0.00000000E+00 0.00000000E+00 1.89827662E-06 0.00000000E+00 0.00000000E+00
23  4 0.00000000E+00 0.00000000E+00 6.84480716E-01 8.03853818E-02 0.00000000E+00
23  5 0.00000000E+00 0.00000000E+00 0.00000000E+00 0.00000000E+00-1.52109753E-01
23  6 0.00000000E+00 0.00000000E+00 0.00000000E+00 0.00000000E+00 0.00000000E+00
23  7-2.29793017E-01 0.00000000E+00 0.00000000E+00 0.00000000E+00 0.00000000E+00
23  8 0.00000000E+00 3.81900207E-01
24  1 0.00000000E+00 0.00000000E+00 0.00000000E+00 0.00000000E+00-3.38136700E-07
24  2 0.00000000E+00 0.00000000E+00 0.00000000E+00 6.03565395E-07 0.00000000E+00
24  3 0.00000000E+00 0.00000000E+00-2.76056291E-07 0.00000000E+00 0.00000000E+00
24  4 0.00000000E+00 0.00000000E+00-8.03853890E-02 6.84481210E-01 0.00000000E+00
24  5 0.00000000E+00 0.00000000E+00 0.00000000E+00 0.00000000E+00 3.53160933E-01
24  6 0.00000000E+00 0.00000000E+00 0.00000000E+00 0.00000000E+00 0.00000000E+00
24  7-3.08310307E-01 0.00000000E+00 0.00000000E+00 0.00000000E+00 0.00000000E+00
24  8 0.00000000E+00-4.48503572E-02
25  1 1.39459087E-07 3.97113719E-07 2.23341457E-07 1.02951204E-06 0.00000000E+00
25  2-1.69330798E-06 2.84285490E-06 7.32266684E-06 0.00000000E+00 4.87841474E-06
25  3-1.46572725E-06-2.39215169E-06 0.00000000E+00 2.07916471E-07-3.49596851E-06
25  4 3.36618691E-06-4.17341140E-06 0.00000000E+00 0.00000000E+00-1.43696847E-06
25  5-2.40070807E-06 9.29905934E-07-5.06114848E-01-2.92206151E-01 0.00000000E+00
25  6 8.02159111E-06-1.97887485E-06-3.23206650E-06 5.06112836E-01-2.92205170E-01
25  7 0.00000000E+00-7.33815911E-07-1.10486095E-06 3.94497363E-07-2.57230124E-07
25  8 5.84398940E-01 0.00000000E+00
26  1-9.52026619E-06-7.49398232E-05-1.12681175E-01-8.71930097E-02 0.00000000E+00
26  2 2.08508328E-04 9.79567695E-01 7.57985164E-01 0.00000000E+00-1.26413829E-04
26  3-4.64362921E-01-3.59319561E-01 0.00000000E+00 3.83566545E-01-3.83432876E-01
26  4-1.81808447E-04-3.42661042E-01 0.00000000E+00 0.00000000E+00-1.14499338E-01
26  5 1.25760028E-02 7.10526963E-02-4.12468025E-01-2.75628600E-01 0.00000000E+00
26  6 7.86838390E-01-8.62996456E-02-4.88587393E-01-2.75510689E-01-9.85838730E-02
26  7 0.00000000E+00-6.72596519E-01 7.37980949E-02 4.17586425E-01-1.90726471E-01
26  8-3.05728708E-01 0.00000000E+00
27  1 9.10025346E-06 7.10528074E-05 8.71946740E-02-1.12680852E-01 0.00000000E+00
27  2-2.00696945E-04-7.57987003E-01 9.79565725E-01 0.00000000E+00 1.25913093E-04
27  3 3.59321170E-01-4.64361745E-01 0.00000000E+00-2.96816357E-01 2.96686332E-01
27  4 1.74161586E-04-4.42830305E-01 0.00000000E+00 0.00000000E+00-8.42522158E-01
27  5 9.24078905E-02 5.23162136E-01 1.77677736E-01-1.73303284E-01 0.00000000E+00
27  6 3.22301125E-01-3.53708740E-02-2.00086329E-01 3.54677031E-01-3.10301168E-01
27  7 0.00000000E+00 5.20470064E-01-5.71107558E-02-3.23128017E-01 1.47588645E-01
27  8-3.95098159E-01 0.00000000E+00
28  1-6.27548994E-02-4.98553056E-01 3.07773258E-05-2.05610837E-06 0.00000000E+00
28  2 1.34785116E+00-2.85164091E-04 3.05801385E-05 0.00000000E+00-8.63495716E-01
28  3 1.35479947E-04-1.72833920E-05 0.00000000E+00 3.69122989E-01 3.69341681E-01
28  4-1.09875719E+00-1.43268674E-05 0.00000000E+00 0.00000000E+00-5.13240702E-01
28  5 1.65582787E-01 1.19346152E-01 7.49446919E-02-1.29621294E-01 0.00000000E+00
28  6-5.13203560E-01 1.65577847E-01 1.19315729E-01 7.49543061E-02 1.29607633E-01
28  7 0.00000000E+00-5.12934408E-01 1.65556075E-01 1.19141913E-01-1.49647915E-01
28  8-1.00131185E-05 0.00000000E+00
29  1 0.00000000E+00 0.00000000E+00 0.00000000E+00 0.00000000E+00-1.00750867E-01
29  2 0.00000000E+00 0.00000000E+00 0.00000000E+00-5.51394742E-01 0.00000000E+00
29  3 0.00000000E+00 0.00000000E+00 1.38352610E-01 0.00000000E+00 0.00000000E+00
29  4 0.00000000E+00 0.00000000E+00-3.10156805E-06 3.85414236E-07 0.00000000E+00
29  5 0.00000000E+00 0.00000000E+00 0.00000000E+00 0.00000000E+00 6.46037602E-01
29  6 0.00000000E+00 0.00000000E+00 0.00000000E+00 0.00000000E+00 0.00000000E+00
29  7 6.46038198E-01 0.00000000E+00 0.00000000E+00 0.00000000E+00 0.00000000E+00
29  8 0.00000000E+00 6.46044345E-01
30  1 0.00000000E+00 0.00000000E+00 0.00000000E+00 0.00000000E+00 6.44846701E-08
30  2 0.00000000E+00 0.00000000E+00 0.00000000E+00 7.49038654E-08 0.00000000E+00
30  3 0.00000000E+00 0.00000000E+00-7.28275270E-09 0.00000000E+00 0.00000000E+00
30  4 0.00000000E+00 0.00000000E+00 2.38613233E-02 8.98213798E-01 0.00000000E+00
30  5 0.00000000E+00 0.00000000E+00 0.00000000E+00 0.00000000E+00-7.18351762E-01
30  6 0.00000000E+00 0.00000000E+00 0.00000000E+00 0.00000000E+00 0.00000000E+00
30  7 7.40729933E-01 0.00000000E+00 0.00000000E+00 0.00000000E+00 0.00000000E+00
30  8 0.00000000E+00-2.23787470E-02
31  1 0.00000000E+00 0.00000000E+00 0.00000000E+00 0.00000000E+00 1.35091023E-07
31  2 0.00000000E+00 0.00000000E+00 0.00000000E+00-3.98462486E-06 0.00000000E+00
31  3 0.00000000E+00 0.00000000E+00 1.28980013E-06 0.00000000E+00 0.00000000E+00
31  4 0.00000000E+00 0.00000000E+00 8.98214172E-01-2.38612637E-02 0.00000000E+00
31  5 0.00000000E+00 0.00000000E+00 0.00000000E+00 0.00000000E+00 4.40583829E-01
31  6 0.00000000E+00 0.00000000E+00 0.00000000E+00 0.00000000E+00 0.00000000E+00
31  7 4.01822978E-01 0.00000000E+00 0.00000000E+00 0.00000000E+00 0.00000000E+00
31  8 0.00000000E+00-8.42398097E-01
32  1-4.00432412E-07 1.05068090E-06 9.13547450E-02 4.68900333E-01 0.00000000E+00
32  2 8.46337399E-07 1.23003414E-01 6.31341767E-01 0.00000000E+00-5.61621341E-06
32  3 3.74422182E-02 1.92176767E-01 0.00000000E+00-7.68418683E-02 7.68388983E-02
32  4-1.27231779E-06 4.55414959E-01 0.00000000E+00 0.00000000E+00-1.26026346E-02
32  5-6.37136773E-01 3.46508857E-03-6.56378274E-01 1.31580752E-01 0.00000000E+00
32  6 1.57969704E-02 7.98643625E-01-4.34054222E-03 4.92750691E-01 3.55464376E-01
32  7 0.00000000E+00-3.19435913E-03-1.61501393E-01 8.77932776E-04 1.12073945E-01
32  8-7.51657848E-01 0.00000000E+00
33  1 2.58259115E-06-1.85986128E-06-4.68902515E-01 9.13513070E-02 0.00000000E+00
33  2-1.98083423E-05-6.31342021E-01 1.23004030E-01 0.00000000E+00 7.31089423E-06
33  3-1.92177409E-01 3.74438052E-02 0.00000000E+00 3.94407048E-01-3.94391963E-01
33  4 1.14033117E-05 8.87310850E-02 0.00000000E+00 0.00000000E+00-1.09634367E-02
33  5-5.54340961E-01 3.00987262E-03 3.07985189E-01 6.22010575E-01 0.00000000E+00
33  6-5.43481777E-03-2.74607870E-01 1.49450535E-03 5.31866158E-01-5.27127531E-01
33  7 0.00000000E+00 1.63970349E-02 8.28951200E-01-4.50784250E-03-5.75248128E-01
33  8-1.46446058E-01 0.00000000E+00
34  1-2.60225154E-01 1.01283895E+00 2.21691258E-05-1.61834982E-06 0.00000000E+00
34  2 2.64877590E+00 5.17688234E-06 2.20101950E-06 0.00000000E+00-7.60002099E-02
34  3-9.94377096E-06 6.17805688E-07 0.00000000E+00-2.08778801E-01-2.08830106E-01
34  4-1.20402747E+00 7.64023641E-07 0.00000000E+00 0.00000000E+00-4.29255609E-01
34  5-6.35566495E-01 8.05722205E-02-3.52529183E-01 6.10619021E-01 0.00000000E+00
34  6-4.29256390E-01-6.35563566E-01 8.05730874E-02-3.52529117E-01-6.10622333E-01
34  7 0.00000000E+00-4.29290963E-01-6.35560004E-01 8.05889699E-02 7.05114570E-01
34  8-9.23269089E-07 0.00000000E+00
35  1 6.45138495E-06-2.09662752E-05 5.90423420E-01-7.51751092E-01 0.00000000E+00
35  2-4.33993453E-05 5.00624318E-01-6.37416331E-01 0.00000000E+00 2.12914701E-05
35  3-1.88593077E-01 2.40122535E-01 0.00000000E+00 7.84020841E-01-7.83987320E-01
35  4 2.21896929E-05 1.15265393E+00 0.00000000E+00 0.00000000E+00 1.17319581E+00
35  5 3.46973011E-01-4.00130483E-01 6.09121941E-01-9.34759894E-01 0.00000000E+00
35  6-4.41162229E-01-1.30473066E-01 1.50458094E-01 1.31660379E-01-5.59753299E-01
35  7 0.00000000E+00-7.32027733E-01-2.16492218E-01 2.49660622E-01 6.95140125E-01
35  8-3.33763472E-01 0.00000000E+00
36  1 7.59921771E-06-2.19316242E-05 7.51748882E-01 5.90423475E-01 0.00000000E+00
36  2-5.78274744E-05 6.37415818E-01 5.00622787E-01 0.00000000E+00 1.59542836E-05
36  3-2.40127610E-01-1.88590234E-01 0.00000000E+00 9.98247981E-01-9.98210525E-01
36  4 2.75430330E-05-9.05289721E-01 0.00000000E+00 0.00000000E+00-1.67927016E-01
36  5-4.96607205E-02 5.72667453E-02 2.84100537E-01 3.48160040E-01 0.00000000E+00
36  6 1.09998326E+00 3.25323217E-01-3.75160473E-01 6.59097198E-01 8.25626961E-01
36  7 0.00000000E+00-9.32049252E-01-2.75639632E-01 3.17883416E-01 8.85079266E-01
36  8 2.62136537E-01 0.00000000E+00
37  1-4.29264835E-01 5.03953116E-01 6.65282587E-06-6.29506307E-08 0.00000000E+00
37  2 2.41386725E+00 1.01709055E-05-2.76377227E-06 0.00000000E+00-1.25297116E+00
37  3-7.58127334E-06 7.04678003E-07 0.00000000E+00-2.03217809E+00-2.03221158E+00
37  4-1.00556250E+00 1.40559264E-06 0.00000000E+00 0.00000000E+00 6.65194916E-01
37  5-2.26632977E-02 2.05644435E-01 3.64637170E-01-6.31559696E-01 0.00000000E+00
37  6 6.65192581E-01-2.26656297E-02 2.05646608E-01 3.64636481E-01 6.31559522E-01
37  7 0.00000000E+00 6.65172109E-01-2.26633784E-02 2.05657841E-01-7.29253439E-01
37  8 2.85602838E-08 0.00000000E+00
 $END   
 POPULATION ANALYSIS
NITROGEN     7.88004  -0.88004   7.66525  -0.66525
HYDROGEN     0.70665   0.29335   0.77731   0.22269
HYDROGEN     0.70666   0.29334   0.77731   0.22269
HYDROGEN     0.70665   0.29335   0.78014   0.21986
 MOMENTS AT POINT    1 X,Y,Z= -0.000000  0.000000  0.000000
 DIPOLE       0.000012 -0.000008  0.000000

------ DATA FOR DRC POINT AT T=   2500.00 ------
--- CLOSED SHELL ORBITALS --- GENERATED AT Tue Mar 24 12:58:01 2015
ammonia...DRC starting from the planar transition state                         
E(R-B3LYP)=      -56.5277425584, E(NUC)=   11.5692455878,    9 ITERS
 $VEC   
 1  1 9.92741406E-01 3.43937701E-02 1.22224741E-07 3.63509742E-09-1.46649599E-03
 1  2 4.05858981E-03 1.25081680E-08-2.15279294E-09 6.97734537E-04-1.06114001E-03
 1  3 4.97844902E-08 1.01364932E-09-2.52905530E-04-8.06552249E-03-8.06523107E-03
 1  4-8.13853815E-03 1.71078983E-10-2.36740130E-07-4.94717527E-10 1.65954656E-04
 1  5-1.53656359E-04 1.47453047E-04-7.09146808E-05 1.22912505E-04-6.90892340E-05
 1  6 1.65954856E-04-1.53657283E-04 1.47455077E-04-7.09144758E-05-1.22911324E-04
 1  7-6.90892061E-05 1.65856487E-04-1.53511189E-04 1.47015133E-04 1.42096804E-04
 1  8 9.15798681E-10-6.92201837E-05
 2  1-1.99928813E-01 4.17725642E-01 8.10061027E-05 4.73265204E-07-1.13099348E-01
 2  2 4.38312055E-01 3.16470431E-05 6.58250159E-07-5.83598340E-02 1.88889832E-02
 2  3 2.06160601E-05 3.22068140E-06-9.15472259E-03-8.26054618E-03-8.23865511E-03
 2  4-9.85848402E-03-1.92749431E-07-1.50567114E-05-2.49813623E-07 1.42677432E-01
 2  5 3.33866239E-03 2.22849375E-03 8.61561667E-03-1.49286157E-02 5.76687704E-03
 2  6 1.42677783E-01 3.34203375E-03 2.23751222E-03 8.61580409E-03 1.49289408E-02
 2  7 5.76707156E-03 1.42744008E-01 3.34073452E-03 2.20488251E-03-1.72383772E-02
 2  8-3.65849906E-08 5.77631501E-03
 3  1 5.07823021E-07 5.01485142E-07 6.23075203E-04 4.80777721E-01-2.69550365E-07
 3  2-1.03893179E-05 3.09803167E-04 2.38511460E-01 5.26131645E-06-3.14875704E-05
 3  3 1.58044038E-05 9.38395115E-03 6.69811107E-06 1.45200800E-05-1.44397046E-05
 3  4 3.30262424E-07-1.27991524E-02-4.04715257E-05-3.10694060E-02 2.42700385E-01
 3  5 1.69717798E-01 2.37497082E-02 8.69499606E-03-2.01011818E-03 6.38949534E-03
 3  6-2.43062857E-01-1.69945635E-01-2.37693859E-02-8.67376543E-03-2.03170253E-03
 3  7-6.39896216E-03 3.63496515E-04 2.63830345E-04 3.42905837E-05-9.40472939E-06
 3  8 1.30445208E-02 9.52340400E-06
 4  1 9.09980013E-05-1.91381539E-04 4.80853163E-01-6.23272399E-04-2.59313619E-04
 4  2-3.57791041E-04 2.38657318E-01-3.10109474E-04-9.40342888E-05-1.53258286E-04
 4  3 9.46306728E-03-1.66668304E-05 1.99038965E-05 1.11099366E-02-1.11114153E-02
 4  4 2.67928865E-05 1.68692953E-05-3.10742007E-02 4.04671387E-05-1.40457366E-01
 4  5-9.82482170E-02-1.37358697E-02 8.02601919E-03 8.67882828E-03-3.70682262E-03
 4  6-1.39828582E-01-9.78127367E-02-1.36869858E-02 8.04833191E-03-8.67388451E-03
 4  7-3.69044622E-03 2.80439909E-01 1.96332953E-01 2.74673531E-02-7.00990259E-03
 4  8-1.68958488E-05 7.38091078E-03
 5  1-7.84019764E-02 1.82842613E-01 3.39828618E-04-4.50569023E-07 5.41779453E-01
 5  2 2.91766093E-01 2.14569066E-04-9.11827642E-07 3.84706859E-01-6.86158893E-02
 5  3 4.37775201E-05-3.44024248E-06 1.48750567E-01 7.48926515E-03 7.47048307E-03
 5  4-3.15908784E-02 9.20497848E-08-8.00566668E-06 1.83943692E-07-7.76854841E-02
 5  5-2.67057119E-02 1.08272318E-02-2.53251957E-03 4.39719651E-03 1.53846729E-02
 5  6-7.76860773E-02-2.67096886E-02 1.08173323E-02-2.53261206E-03-4.39738256E-03
 5  7 1.53846038E-02-7.75468020E-02-2.65749317E-02 1.08563932E-02 5.08195139E-03
 5  8-5.85292895E-09 1.53903310E-02
 6  1-6.03871755E-02 1.42067258E-01 1.64841565E-05 3.29971716E-06-1.31483804E-01
 6  2 4.90119229E-01 5.31922791E-05 2.03745058E-06-1.93000421E-01 1.00434311E+00
 6  3 6.58449900E-05 1.77735470E-05-6.81926554E-02-7.78220095E-03-7.78853054E-03
 6  4-4.83993139E-04-3.32611405E-08-6.39959705E-06-1.60049470E-07-1.97704975E-02
 6  5-2.67323517E-01-5.63802543E-01 4.95921804E-03-8.61075273E-03 3.24581328E-03
 6  6-1.97702220E-02-2.67312871E-01-5.63725796E-01 4.95928954E-03 8.61144900E-03
 6  7 3.24568666E-03-1.97118898E-02-2.67267576E-01-5.64025187E-01-9.93738586E-03
 6  8 8.39445273E-08 3.25359957E-03
 7  1 1.28231497E-06-7.47781155E-06 5.43935050E-03 1.88343951E-01 3.96930948E-06
 7  2 1.08676201E-05 4.59775391E-03 1.59435064E-01-9.79662542E-06 9.61043774E-05
 7  3 1.59000331E-02 5.50161193E-01-3.25509939E-05-5.90302268E-05 5.88012791E-05
 7  4-9.09747372E-07 2.33728056E-03-1.28824469E-04-4.47533202E-03 7.79480287E-03
 7  5-1.76671573E-01-2.37652183E+00 5.34817016E-03-6.15178349E-03 5.28968761E-03
 7  6-8.05671749E-03 1.82596253E-01 2.45718022E+00-5.35486367E-03-6.46166626E-03
 7  7-5.46944005E-03 2.64287540E-04-6.02078808E-03-8.06795333E-02-2.70125801E-04
 7  8 2.97448029E-03 1.79487785E-04
 8  1-2.38858454E-05 6.95644009E-05-1.88377358E-01 5.43953106E-03 3.20377281E-05
 8  2 7.96295421E-05-1.59358265E-01 4.60242466E-03 4.73115348E-05 1.00929149E-05
 8  3-5.50014421E-01 1.58676570E-02 2.37971942E-04 2.02849910E-03-2.03162248E-03
 8  4 3.42276330E-06 6.78354519E-05 4.47115872E-03-1.28925794E-04 4.74551495E-03
 8  5-1.08781332E-01-1.46654921E+00 2.64144474E-04-5.54241677E-03 3.25919503E-03
 8  6 4.28669589E-03-9.84234991E-02-1.32701208E+00-4.49212587E-05 5.17802442E-03
 8  7 2.94825550E-03-9.12207369E-03 2.07322118E-01 2.79317890E+00 9.38302706E-03
 8  8 8.59508725E-05-6.21682653E-03
 9  1-7.78666579E-03-8.85059461E-04 4.54144962E-05-6.49057099E-07 2.71570201E-01
 9  2 1.13466014E-01 1.76113036E-04 1.68320701E-06 3.06306098E-01 1.98580074E+00
 9  3-1.24017782E-04 4.04236146E-05-1.47808158E+00 1.46385420E-04 1.28400524E-04
 9  4-1.55890987E-02 1.41752578E-07-3.83542753E-06 1.16953662E-07 6.14679068E-03
 9  5-4.11145572E-01-4.83115129E-01-3.89171773E-03 6.73613624E-03-4.58798537E-03
 9  6 6.15070103E-03-4.11110484E-01-4.83078419E-01-3.89148537E-03-6.73461709E-03
 9  7-4.58799812E-03 6.20165329E-03-4.10922101E-01-4.83577835E-01 7.78117755E-03
 9  8 2.31937859E-07-4.59503836E-03
10  1 1.12992584E-01-1.70561024E-01 4.88244833E-05 1.63353401E-06 7.35521596E-02
10  2-1.40916888E+00 5.20121681E-04 1.24083247E-05-3.54947903E-02 3.67333854E+00
10  3 4.16853654E-03 1.12619007E-04-8.08996387E-02 4.52210912E-02 4.53124268E-02
10  4 3.90405453E-02 1.02667671E-06 1.51991908E-05 5.83309205E-07 7.05293324E-02
10  5 4.50921227E-02-9.14357827E-01-9.36759589E-03 1.63030169E-02-3.44105199E-03
10  6 7.05410964E-02 4.52104860E-02-9.14192202E-01-9.36765231E-03-1.63011750E-02
10  7-3.44134270E-03 7.00967759E-02 4.12587626E-02-9.19201224E-01 1.88257434E-02
10  8 7.48829861E-07-3.45063303E-03
11  1-1.69718517E-04 2.74364561E-04 6.15306591E-02 2.60786459E-04-1.15398506E-05
11  2 2.00180217E-03 3.17040398E-01 1.39186403E-03 4.14707888E-04-8.99679264E-03
11  3 2.20636206E+00 9.85751995E-03-4.53293178E-04-2.09720591E-02 2.08503739E-02
11  4-1.03119321E-04 1.06423176E-04 1.45539823E-02 6.46250840E-05 6.88450534E-02
11  5 7.17931635E-01 1.03523131E+00 1.27522378E-02 3.21253259E-03-2.31358947E-03
11  6 6.99060528E-02 7.29032369E-01 1.05137925E+00 1.27242881E-02-3.13214376E-03
11  7-2.34916749E-03-1.38737120E-01-1.44440315E+00-2.08118024E+00 7.14820296E-03
11  8 6.44517640E-05 4.70401485E-03
12  1-6.19800049E-06 3.16238796E-06-2.83407212E-04 6.03902968E-02-9.07158399E-06
12  2 1.11038056E-04-1.43649035E-03 3.15390510E-01-3.21850484E-05-2.61998079E-05
12  3-9.78005993E-03 2.21239768E+00 2.41772981E-06 8.98830713E-05-9.62597909E-05
12  4-2.36159941E-06 2.40854874E-02-6.43097570E-05 1.45782587E-02-1.20010667E-01
12  5-1.25343567E+00-1.81578133E+00 3.13027326E-03 9.04615566E-03 4.07176833E-03
12  6 1.19378460E-01 1.24684625E+00 1.80663153E+00-3.24297467E-03 9.07727478E-03
12  7-4.05095154E-03 6.16505468E-04 6.39360202E-03 9.24195336E-03-3.19477986E-05
12  8 1.45390688E-02-2.08607195E-05
13  1 6.28113439E-05-7.40439455E-05 4.10049809E-01 1.06582940E-02 2.20291640E-06
13  2-9.47660867E-04 9.35802812E-01 2.43528411E-02 2.00168937E-04-2.49097961E-03
13  3-1.27009162E+00-3.27524307E-02 8.60950638E-04-7.44957825E-03 7.51874248E-03
13  4-4.02887794E-06 2.26825669E-04-1.06476676E-02-2.75122298E-04 6.56340255E-02
13  5 5.48921303E-01-1.28462481E+00 2.37104142E-03 4.26398882E-03-3.05756658E-03
13  6 7.18259487E-02 6.00811651E-01-1.40515750E+00 2.14522950E-03-4.40530073E-03
13  7-3.34848712E-03-1.37124882E-01-1.14629358E+00 2.69043140E+00-5.24254713E-03
13  8 1.24720061E-04 6.43352530E-03
14  1-4.39799179E-07 2.85505043E-06-1.06507416E-02 4.10222410E-01 2.70617711E-06
14  2-4.40331757E-06-2.43016818E-02 9.37173823E-01 1.06904802E-05 1.40746539E-06
14  3 3.30212283E-02-1.26322062E+00-1.20796003E-05 1.94040998E-04-1.94662197E-04
14  4 4.17358189E-07 8.69204112E-03 2.76519766E-04-1.06201529E-02-1.20863873E-01
14  5-1.01242069E+00 2.35733744E+00 4.28391587E-03-2.83046616E-03 5.67251417E-03
14  6 1.17300295E-01 9.82638550E-01-2.28742317E+00-4.40084861E-03-2.60476255E-03
14  7-5.50577552E-03 3.56147977E-03 2.97889921E-02-6.99172406E-02 1.36124563E-04
14  8 4.78399064E-03-1.66973163E-04
15  1-6.84475898E-02 3.80566035E-02 3.83685086E-04 8.00755320E-06-1.94998670E-01
15  2 1.59564203E+00 1.56814420E-03 4.30800013E-06-9.28877473E-01 6.08972923E+00
15  3 2.89886843E-03-6.80334648E-05-1.22218069E+00-3.54451569E-02-3.55591325E-02
15  4 1.72945155E-02-1.58323937E-06 5.34418094E-05-1.29265440E-06-1.31724420E-01
15  5-2.41377254E+00-7.23469422E-01-4.05817318E-04 5.99340916E-04-1.02928107E-02
15  6-1.31724104E-01-2.41381245E+00-7.23659304E-01-4.04673203E-04-5.95010746E-04
15  7-1.02928284E-02-1.31816239E-01-2.41807732E+00-7.25488037E-01 7.62981926E-04
15  8-3.92253004E-07-1.02289941E-02
16  1 9.27914771E-05-1.76404820E-05 6.71815167E-01-2.31087630E-05-2.12663732E-03
16  2-1.34937183E-03-1.11919227E+00 3.68855933E-05 3.88049445E-03-7.77025087E-04
16  3-1.68052402E-01 9.59990529E-06-1.05729256E-03-1.74441219E-01 1.74627120E-01
16  4-3.08617386E-04-8.87519055E-06 1.64492944E-01-6.46279688E-06 3.75001303E-01
16  5-9.70425155E-01 2.64619795E-01 1.29898352E-02 7.01931445E-02-3.65069550E-02
16  6 3.74947392E-01-9.70293484E-01 2.64587434E-01 1.29950845E-02-7.01876477E-02
16  7-3.65022525E-02-7.48143155E-01 1.94248724E+00-5.29167317E-01-1.08811839E-01
16  8-2.63905839E-06 7.33943665E-02
17  1 3.28853506E-06 1.48460463E-05-3.13620118E-05-6.77308905E-01-1.35517188E-04
17  2-1.32388530E-04 5.69817005E-05 1.13232492E+00 2.42152062E-04-1.59108503E-04
17  3-6.49140174E-06 1.57835908E-01-4.71779942E-05 5.62720145E-06-6.57901640E-06
17  4-6.19935731E-06-2.00581523E-01-6.78814712E-06-1.64121314E-01 6.44570040E-01
17  5-1.67922168E+00 4.65917145E-01-7.02961387E-02 6.88107913E-02-6.35543938E-02
17  6-6.44586655E-01 1.67951742E+00-4.65936513E-01 7.03022532E-02 6.88283944E-02
17  7 6.35692138E-02 2.87958344E-05 4.01515165E-05 4.14726901E-05-8.00833537E-07
17  8-5.31463659E-02 2.64721250E-06
18  1 2.58040737E-02 7.05391700E-02-2.49896519E-03 8.70814209E-05-9.95668382E-01
18  2-8.94499797E-01 4.04269092E-03-1.46655798E-04 1.78180752E+00-1.23286732E+00
18  3-2.17708449E-03-2.48371980E-05-3.49296233E-01-2.43394870E-03-2.81610484E-03
18  4-5.50539283E-02 2.87233308E-05-3.50685780E-04 2.30219064E-05 5.05081734E-02
18  5 8.05648815E-01 6.83615281E-02 1.97154394E-02-3.41132182E-02 4.42215006E-02
18  6 5.06877662E-02 8.05192466E-01 6.84912594E-02 1.96957935E-02 3.40926967E-02
18  7 4.42048333E-02 5.19534933E-02 8.01024287E-01 7.28876451E-02-3.89923404E-02
18  8 7.73191063E-06 4.38901223E-02
19  1-1.96588072E-05-3.45436812E-04-7.06947202E-01 2.50326857E-04 1.40298833E-03
19  2 2.83894912E-03 1.67677564E+00-5.91477212E-04-3.33509093E-03 6.40440846E-03
19  3-1.53367166E+00 5.38932399E-04-2.25148282E-04-1.07018446E-01 1.07176132E-01
19  4-7.64956367E-07-4.20221890E-05 7.08176008E-02-2.33205253E-05 2.88726394E-01
19  5-1.81470618E-01-7.11309712E-01 6.21900596E-02-3.76748477E-03 7.98308006E-03
19  6 2.88383083E-01-1.81268289E-01-7.10433467E-01 6.21874425E-02 3.71951345E-03
19  7 7.97237142E-03-5.75943836E-01 3.52237115E-01 1.41998322E+00 6.89655405E-02
19  8-2.03103575E-05-1.62408956E-02
20  1-7.33451560E-08 4.30373227E-07-2.44254531E-04-7.01562724E-01 5.80446918E-06
20  2 7.40910344E-06 5.83295146E-04 1.66889130E+00-1.18915601E-05 2.72232291E-05
20  3-5.37759882E-04-1.53571207E+00-3.08035426E-06-3.76513575E-05 3.82388668E-05
20  4 6.90794572E-07 1.25328158E-01 2.57261389E-05 7.22359963E-02-5.04146980E-01
20  5 3.20321182E-01 1.22650207E+00-3.15762975E-03 6.63176619E-02-1.33874206E-02
20  6 5.04355349E-01-3.20479261E-01-1.22700144E+00 3.20087407E-03 6.63192210E-02
20  7 1.33921469E-02-2.03752042E-04 1.18123415E-04 4.91126715E-04 2.41350501E-05
20  8 6.05404464E-02-5.47500576E-06
21  1 1.00951916E-02-1.22192571E+00-5.22043846E-06-1.05072865E-06 8.88368188E-02
21  2 3.28654289E+00-4.68130246E-06 5.89287102E-06-4.52058253E-01 2.02841200E+00
21  3 2.26132543E-03-2.43072050E-06-7.85215988E-01-8.36408744E-02-8.37577771E-02
21  4-2.20665454E-01-2.77305891E-06-2.76931980E-04-2.20878636E-06 5.56299031E-01
21  5-1.95996843E+00-9.30381203E-02-4.27551778E-02 7.37744239E-02-1.70205616E-02
21  6 5.56292797E-01-1.95995526E+00-9.30605568E-02-4.27528241E-02-7.37693096E-02
21  7-1.70200338E-02 5.57404250E-01-1.96234395E+00-9.56679749E-02 8.53559644E-02
21  8-9.67341715E-07-1.70372099E-02
22  1 8.43091024E-02 1.19589616E+00-4.30145060E-06 5.80034129E-07 7.31636771E-02
22  2-2.78762116E+00-8.09423441E-04-3.35171487E-06 7.81290846E-02 3.16946189E+00
22  3 1.14578026E-03 4.62722746E-06-4.49997995E-01 3.91496417E-01 3.92510882E-01
22  4-1.04043992E-01 7.01057651E-07-1.13025003E-03-1.70329990E-06 5.39797448E-01
22  5-5.62085918E-01-4.62550763E-01-3.20202494E-02 5.59414918E-02 1.02186401E-01
22  6 5.39794279E-01-5.62083570E-01-4.62545264E-01-3.20201889E-02-5.59416157E-02
22  7 1.02187713E-01 5.40844774E-01-5.63170820E-01-4.63450585E-01 6.43609395E-02
22  8 1.59998807E-07 1.01616303E-01
23  1 1.78669833E-07 4.86122699E-06-7.97518448E-06-6.55226557E-03-1.31986033E-06
23  2-1.39186840E-05 2.52180902E-04 2.05309535E-01 2.48187619E-06-9.01027548E-06
23  3-1.56525445E-04-1.27794049E-01 2.79334611E-06 4.65186076E-04-4.59840877E-04
23  4-3.39691734E-06-4.33979495E-01 6.23586880E-04 5.08058181E-01-8.02150878E-02
23  5 3.54036492E-02 9.39193387E-02-1.76736882E-01 1.52730672E-02 2.19611755E-01
23  6 8.03287646E-02-3.54396387E-02-9.40505725E-02 1.76272481E-01 1.57045593E-02
23  7-2.19919987E-01-1.13810802E-04 5.68484681E-05 1.33501981E-04 1.45920051E-04
23  8-2.90058193E-01 3.13113608E-04
24  1 6.55423136E-05 1.27268142E-03-6.67960801E-03 8.73284225E-06-2.31210019E-04
24  2-3.39442582E-03 2.05349569E-01-2.53211792E-04 2.18424121E-04-3.03429304E-04
24  3-1.27515685E-01 1.55861600E-04 3.83595067E-04 3.76922908E-01-3.74879830E-01
24  4-1.43320862E-03 5.32088717E-04 5.08416672E-01-6.25886772E-04 4.66574958E-02
24  5-1.93943183E-02-5.43789677E-02-1.88178059E-01-1.75890883E-01-1.26690915E-01
24  6 4.64614421E-02-1.93109799E-02-5.41494592E-02-1.88611588E-01 1.75853689E-01
24  7-1.26149905E-01-9.23983450E-02 4.14959932E-02 1.08377659E-01 1.17720445E-01
24  8 3.55554449E-04 2.54342579E-01
25  1-6.77793730E-02-7.36188211E-01-1.29882551E-05 4.81326935E-07 7.69617870E-02
25  2 2.06850041E+00 5.34134951E-06 2.15044596E-06-7.89901590E-01-4.45611683E-01
25  3 2.53767486E-04-1.79891900E-06 1.26140149E-01 2.32926495E-01 2.34094989E-01
25  4-8.62526354E-01 1.44039562E-06-8.98484683E-04-3.29191890E-07-4.94649933E-01
25  5-2.05959709E-01 9.74819331E-02-8.31962183E-03 1.58069314E-02 2.10116394E-01
25  6-4.94651938E-01-2.05955206E-01 9.74738791E-02-8.32223994E-03-1.58015523E-02
25  7 2.10117473E-01-4.94470656E-01-2.06353127E-01 9.71911386E-02 1.78435823E-02
25  8 1.23891803E-06 2.09531501E-01
26  1-1.09116528E-07-2.97213114E-06 2.76132504E-06-1.14819751E-03 9.50693012E-07
26  2 7.46131320E-06-6.93326063E-06 3.23445131E-03-2.93297306E-06 6.15340344E-06
26  3 3.75005138E-06-1.76064910E-03-1.31637965E-06-2.75977263E-06 3.48579308E-06
26  4-1.94602416E-06-2.15409665E-03 2.45097312E-06-1.57332346E-03-2.50098277E-03
26  5 1.01881180E-03 1.12451928E-03-5.07940706E-01-2.94711815E-01-8.32694288E-04
26  6 2.49474645E-03-1.02443114E-03-1.12259184E-03 5.07945031E-01-2.94709539E-01
26  7 8.30414244E-04 4.77302744E-06-5.50948034E-06-3.95093944E-06 2.61220971E-06
26  8 5.86181226E-01 3.45612841E-06
27  1 2.54766909E-05 2.42994761E-04-1.61021930E-02 6.30270463E-06-4.70793998E-05
27  2-8.24106584E-04-4.38408925E-01-7.93484135E-04 6.56854122E-04-3.58032765E-04
27  3 9.95744800E-02 2.14086811E-04-2.51382472E-06 6.85675493E-02-6.85164050E-02
27  4 6.83645174E-05-7.01152409E-05-3.45736608E-01-5.24343542E-04-4.10709164E-05
27  5-8.39578948E-02 6.82534562E-02 3.86226855E-01 6.14286276E-02-3.33882667E-01
27  6-1.72789789E-04-8.43508388E-02 6.86990756E-02 3.86057405E-01-6.03049550E-02
27  7-3.35801251E-01 6.66190890E-04 1.69190843E-01-1.36872353E-01 2.80268373E-01
27  8 7.06200365E-04 6.68611826E-01
28  1-2.66756871E-09 3.12030331E-06 4.28548243E-05-5.20432311E-03-1.39082028E-06
28  2-6.48003844E-06 6.96050905E-04-4.59770254E-01 2.22492626E-06-9.45566962E-06
28  3-1.40374571E-04 1.15673869E-01 2.14648276E-06-1.41195201E-04 1.41493395E-04
28  4 6.13742411E-07-5.92629286E-02 6.00598625E-04-3.29190911E-01 2.18019799E-02
28  5 1.31120573E-01-1.27340071E-01 5.41939999E-02 3.27110992E-01 5.78606213E-01
28  6-2.18395506E-02-1.30803036E-01 1.27130700E-01-5.54613411E-02 3.27330369E-01
28  7-5.77492001E-01 3.73912100E-05-3.03708560E-04 2.12902499E-04-4.42206087E-04
28  8 4.24475688E-01-1.11392418E-03
29  1-1.55442616E-07-3.60166333E-06-7.66126616E-04-3.09989076E-01 1.78826446E-06
29  2 8.32033486E-06 1.42507103E-03 5.68309472E-01-2.10658672E-06 9.70609190E-06
29  3-1.13881793E-03-4.57694188E-01-2.24653309E-06 1.22036500E-03-1.21709025E-03
29  4-5.76707322E-06-5.69735785E-01-1.14145064E-03-4.65021379E-01-5.90612631E-01
29  5 4.54620597E-01 2.44038837E-01 1.72779617E-01-3.47732168E-01 5.53057973E-02
29  6 5.92304534E-01-4.55926472E-01-2.44748038E-01-1.73559510E-01-3.48569528E-01
29  7-5.54403389E-02-1.69283443E-03 1.29141821E-03 7.05483280E-04-1.12206439E-03
29  8-5.51670775E-02 1.31758487E-04
30  1 2.32170089E-05 1.74986970E-04 3.09259181E-01-7.65954885E-04-1.59390691E-04
30  2-6.70128693E-04-5.83269157E-01 1.43226096E-03 2.40761856E-04-3.42051893E-04
30  3 4.60838208E-01-1.14206204E-03-5.75664209E-05-4.91288441E-01 4.90907003E-01
30  4 4.71365493E-04-1.40872708E-03 4.53199400E-01-1.13348945E-03-3.42936667E-01
30  5 2.61634394E-01 1.43967335E-01 1.65972947E-01-1.69884200E-01 2.04979274E-02
30  6-3.40004181E-01 2.59392419E-01 1.42735411E-01 1.65114784E-01 1.68130908E-01
30  7 2.02879540E-02 6.83201348E-01-5.20162574E-01-2.86645015E-01 4.58574913E-01
30  8-1.64189415E-04-4.02576987E-02
31  1 9.82621624E-03-2.24297429E-01-2.16768464E-03-4.47158323E-06 7.29681440E-02
31  2 3.73099158E-01 5.15253021E-03 1.13499458E-05-6.69946573E-01 6.00136508E-01
31  3-1.78348276E-03-3.10477497E-06-1.79999852E-02-3.61967117E-01-3.41852589E-01
31  4 7.78573317E-01 1.97942572E-05-7.91232752E-03-1.66587000E-05-1.17155885E-02
31  5-3.12179951E-01-6.18208612E-02-1.11869834E-01 1.73929824E-01 6.01575510E-01
31  6-1.17124396E-02-3.12181073E-01-6.18253201E-02-1.11852419E-01-1.73942492E-01
31  7 6.01555750E-01-1.26992328E-02-3.11422566E-01-5.95268526E-02 2.06652902E-01
31  8-2.10117524E-05 6.11143590E-01
32  1-1.99400888E-04 2.89351652E-03-1.07809678E-01 1.33427122E-04-7.41367903E-04
32  2-5.71128536E-03 3.53077197E-01-4.29012421E-04 1.06766498E-02-1.28657753E-02
32  3-1.13481350E-01 1.37342435E-04 1.06963555E-03-6.44865120E-01 6.55035152E-01
32  4-1.23288665E-02-9.14982678E-04-5.07859458E-01 6.18443986E-04 1.30600648E-02
32  5 1.54145978E-02-5.23328030E-02-5.69342668E-01-3.45998849E-01-2.01512153E-01
32  6 1.30062151E-02 1.53783553E-02-5.21093262E-02-5.70177008E-01 3.46431199E-01
32  7-2.00698981E-01-2.73432911E-02-1.12545056E-02 1.08480829E-01 1.93189858E-02
32  8 9.36641642E-04 3.74495351E-01
33  1 3.76279766E-07-6.84571015E-06 1.31605534E-04 1.08632276E-01 1.24158079E-06
33  2 1.86115230E-05-4.29665291E-04-3.52441582E-01-3.29202221E-05 3.94091590E-05
33  3 1.38205390E-04 1.13633612E-01-3.26777328E-06 7.77098313E-04-8.08525356E-04
33  4 3.80390567E-05-7.51444776E-01 6.17585052E-04 5.07641100E-01 2.32664979E-02
33  5 1.43887488E-02-9.25038861E-02 3.43651469E-01 1.76213061E-01-3.32499831E-01
33  6-2.32973963E-02-1.44509175E-02 9.26258289E-02-3.42271172E-01 1.75355068E-01
33  7 3.33021782E-01 3.41639668E-05 2.41717329E-07-1.34001556E-04-1.57027843E-05
33  8 7.69447265E-01-4.39272272E-04
34  1-2.13077648E-01 4.74149051E-01-2.73875867E-05 2.23316845E-07-3.78856407E-01
34  2 2.60637096E+00 6.42531226E-04 8.12677268E-06-7.82810483E-01 8.56124036E-01
34  3 3.43069629E-04 7.64328645E-08-2.17788440E-01-1.93585966E-01-1.90441060E-01
34  4-5.18174204E-01 3.42663398E-06-1.02839077E-03-4.49235370E-06-3.34062970E-01
34  5-1.01478482E+00-2.82560450E-02-3.58854625E-01 6.21540864E-01-2.00389766E-01
34  6-3.34059608E-01-1.01478057E+00-2.82578126E-02-3.58852763E-01-6.21543231E-01
34  7-2.00390918E-01-3.33986712E-01-1.01487566E+00-2.86902806E-02 7.17077782E-01
34  8-1.68359495E-06-2.00200082E-01
35  1-6.48812411E-07 2.69738084E-06 2.03702196E-03 6.70558165E-01-8.92316020E-07
35  2 1.51651583E-07 3.47977948E-03 1.14547732E+00 2.38216124E-07-1.63316164E-05
35  3-1.02263847E-03-3.36292586E-01 3.70956895E-06 2.26574598E-03-2.27287254E-03
35  4 6.14965716E-07-8.60845127E-01-2.97424243E-03-9.78675345E-01-8.64281948E-01
35  5-5.05023730E-01 4.33780352E-01-5.21668854E-01 7.39891110E-01-4.40047360E-01
35  6 8.67316999E-01 5.06812136E-01-4.35303104E-01 5.22505039E-01 7.43065669E-01
35  7 4.41601474E-01-3.04043067E-03-1.76929520E-03 1.52921453E-03 3.16852175E-03
35  8-1.65339191E-01-1.55026752E-03
36  1-9.24280506E-05-1.22643220E-04 6.70098489E-01-2.03718351E-03-3.68908615E-04
36  2 1.86893537E-03 1.14386125E+00-3.48247628E-03-1.40640627E-03 9.35551424E-04
36  3-3.35917404E-01 1.02225628E-03-3.49077192E-06 7.46556650E-01-7.47638229E-01
36  4 7.26845797E-04 2.62039910E-03-9.77751396E-01 2.97313922E-03 5.01954315E-01
36  5 2.92852364E-01-2.52282848E-01 1.38405390E-01-5.24774042E-01 2.56583265E-01
36  6 4.96690569E-01 2.89774969E-01-2.49639670E-01 1.35234493E-01 5.20266292E-01
36  7 2.53902114E-01-9.99756401E-01-5.84864612E-01 5.01700052E-01 1.04274408E+00
36  8 5.06260394E-04-5.10310487E-01
37  1-4.43416516E-01 9.29401338E-01-1.72319213E-04-1.59525984E-06 3.11913199E-01
37  2 2.74362718E+00-3.48266147E-04-3.55854801E-06 9.94731049E-02-1.13957768E+00
37  3 2.99812056E-04 1.02392421E-06-1.57396125E-02-1.74885074E+00-1.75036906E+00
37  4-1.48049516E+00-6.65036591E-07 6.26983610E-04 2.59815887E-06 3.33907114E-01
37  5-9.44185723E-02 1.85694065E-01 2.16524141E-01-3.74974018E-01 2.07841527E-01
37  6 3.33903907E-01-9.44210028E-02 1.85696766E-01 2.16522788E-01 3.74972146E-01
37  7 2.07841421E-01 3.34024636E-01-9.44488086E-02 1.85025289E-01-4.32889741E-01
37  8 2.11723756E-07 2.07869276E-01
 $END   
 POPULATION ANALYSIS
NITROGEN     7.83409  -0.83409   7.66587  -0.66587
HYDROGEN     0.72193   0.27807   0.77749   0.22251
HYDROGEN     0.72192   0.27808   0.77748   0.22252
HYDROGEN     0.72205   0.27795   0.77916   0.22084
 MOMENTS AT POINT    1 X,Y,Z= -0.000000  0.000000  0.000000
 DIPOLE       0.000498 -0.000002 -2.036945
