      1.203839918384     -1.327375263112      2.528329051383             -0.000003965965     -0.000019310749      0.000059377008
     -3.022648517671     -0.188074901420      0.081788202739              0.000070771113     -0.000153988344      0.000125528862
      2.897046206808      3.833336061657      2.604115796752             -0.000061907411      0.000050523900     -0.000004241023
     -1.526305106259      4.694163374371     -0.372001847278              0.000014953733     -0.000058756505     -0.000044616869
     -1.590986499440     -3.511173738496     -3.625012161337              0.000094347038      0.000175384871      0.000075207285
      2.523993340674     -5.061587128302     -0.676599428361              0.000016072845     -0.000277525745      0.000047084213
      1.947318198473     -2.635239495367      1.465695529752             -0.000167079813      0.000431634315     -0.000645739231
      2.396497969463      0.090464645990      2.271341582395             -0.000734681618     -0.000072952589     -0.000386278232
     -4.390867145652     -0.152552679824      1.326782543595              0.000510904669      0.000672146116     -0.000340815567
     -1.509098730574     -0.687100327564      1.173888351888             -0.000607299924      0.000028189251     -0.000353715981
      1.478406471515      4.460270324750      1.448891245631             -0.000613548833      0.000765655956     -0.000386791258
      2.244395871781      4.377830033929      4.225880570626             -0.000645289337      0.000610348546      0.000422670388
     -2.329595974167      3.003390438702     -0.261470143885             -0.000307962482      0.000033121088     -0.000825978263
     -1.250738268633      4.965957166092     -2.193063376023              0.001004149330     -0.000203705117      0.000281762136
     -2.662185895509     -4.257010847619     -4.899453294214              0.000692528776     -0.000678408561     -0.000663222478
     -2.618607788108     -2.390568856571     -2.528536672197             -0.000700189744      0.000980102444     -0.000376182209
      0.992328748920     -4.656289131321     -1.669831550777             -0.000120958077      0.000901815531     -0.000674585552
      3.921340203833     -4.735270389447     -1.835854194992             -0.000635802923      0.000336782631      0.000234830711
